                 module name   input shape  output shape      params memory(MB)             MAdd            Flops  MemRead(B)  MemWrite(B) duration[%]    MemR+W(B)
0                      conv1     3 224 224    64 112 112      9408.0       3.06    235,225,088.0    118,013,952.0    639744.0    3211264.0       2.35%    3851008.0
1                        bn1    64 112 112    64 112 112       128.0       3.06      3,211,264.0      1,605,632.0   3211776.0    3211264.0       3.88%    6423040.0
2                       relu    64 112 112    64 112 112         0.0       3.06        802,816.0        802,816.0   3211264.0    3211264.0       0.00%    6422528.0
3                    maxpool    64 112 112    64  56  56         0.0       0.77      1,605,632.0        802,816.0   3211264.0     802816.0       1.50%    4014080.0
4             layer1.0.conv1    64  56  56    64  56  56      4096.0       0.77     25,489,408.0     12,845,056.0    819200.0     802816.0       2.22%    1622016.0
5               layer1.0.bn1    64  56  56    64  56  56       128.0       0.77        802,816.0        401,408.0    803328.0     802816.0       0.00%    1606144.0
6             layer1.0.conv2    64  56  56    64  56  56     36864.0       0.77    231,010,304.0    115,605,504.0    950272.0     802816.0       0.94%    1753088.0
7               layer1.0.bn2    64  56  56    64  56  56       128.0       0.77        802,816.0        401,408.0    803328.0     802816.0       0.00%    1606144.0
8             layer1.0.conv3    64  56  56   256  56  56     16384.0       3.06    101,957,632.0     51,380,224.0    868352.0    3211264.0       1.49%    4079616.0
9               layer1.0.bn3   256  56  56   256  56  56       512.0       3.06      3,211,264.0      1,605,632.0   3213312.0    3211264.0       0.00%    6424576.0
10             layer1.0.relu   256  56  56   256  56  56         0.0       3.06        802,816.0        802,816.0   3211264.0    3211264.0       0.00%    6422528.0
11     layer1.0.downsample.0    64  56  56   256  56  56     16384.0       3.06    101,957,632.0     51,380,224.0    868352.0    3211264.0       1.49%    4079616.0
12     layer1.0.downsample.1   256  56  56   256  56  56       512.0       3.06      3,211,264.0      1,605,632.0   3213312.0    3211264.0       1.49%    6424576.0
13            layer1.1.conv1   256  56  56    64  56  56     16384.0       0.77    102,559,744.0     51,380,224.0   3276800.0     802816.0       2.53%    4079616.0
14              layer1.1.bn1    64  56  56    64  56  56       128.0       0.77        802,816.0        401,408.0    803328.0     802816.0       0.00%    1606144.0
15            layer1.1.conv2    64  56  56    64  56  56     36864.0       0.77    231,010,304.0    115,605,504.0    950272.0     802816.0       1.50%    1753088.0
16              layer1.1.bn2    64  56  56    64  56  56       128.0       0.77        802,816.0        401,408.0    803328.0     802816.0       0.00%    1606144.0
17            layer1.1.conv3    64  56  56   256  56  56     16384.0       3.06    101,957,632.0     51,380,224.0    868352.0    3211264.0       1.51%    4079616.0
18              layer1.1.bn3   256  56  56   256  56  56       512.0       3.06      3,211,264.0      1,605,632.0   3213312.0    3211264.0       0.00%    6424576.0
19             layer1.1.relu   256  56  56   256  56  56         0.0       3.06        802,816.0        802,816.0   3211264.0    3211264.0       1.50%    6422528.0
20            layer1.2.conv1   256  56  56    64  56  56     16384.0       0.77    102,559,744.0     51,380,224.0   3276800.0     802816.0       1.49%    4079616.0
21              layer1.2.bn1    64  56  56    64  56  56       128.0       0.77        802,816.0        401,408.0    803328.0     802816.0       0.00%    1606144.0
22            layer1.2.conv2    64  56  56    64  56  56     36864.0       0.77    231,010,304.0    115,605,504.0    950272.0     802816.0       1.84%    1753088.0
23              layer1.2.bn2    64  56  56    64  56  56       128.0       0.77        802,816.0        401,408.0    803328.0     802816.0       0.00%    1606144.0
24            layer1.2.conv3    64  56  56   256  56  56     16384.0       3.06    101,957,632.0     51,380,224.0    868352.0    3211264.0       1.31%    4079616.0
25              layer1.2.bn3   256  56  56   256  56  56       512.0       3.06      3,211,264.0      1,605,632.0   3213312.0    3211264.0       0.00%    6424576.0
26             layer1.2.relu   256  56  56   256  56  56         0.0       3.06        802,816.0        802,816.0   3211264.0    3211264.0       0.00%    6422528.0
27            layer2.0.conv1   256  56  56   128  56  56     32768.0       1.53    205,119,488.0    102,760,448.0   3342336.0    1605632.0       2.81%    4947968.0
28              layer2.0.bn1   128  56  56   128  56  56       256.0       1.53      1,605,632.0        802,816.0   1606656.0    1605632.0       0.00%    3212288.0
29            layer2.0.conv2   128  56  56   128  28  28    147456.0       0.38    231,110,656.0    115,605,504.0   2195456.0     401408.0       1.49%    2596864.0
30              layer2.0.bn2   128  28  28   128  28  28       256.0       0.38        401,408.0        200,704.0    402432.0     401408.0       0.00%     803840.0
31            layer2.0.conv3   128  28  28   512  28  28     65536.0       1.53    102,359,040.0     51,380,224.0    663552.0    1605632.0       1.49%    2269184.0
32              layer2.0.bn3   512  28  28   512  28  28      1024.0       1.53      1,605,632.0        802,816.0   1609728.0    1605632.0       0.00%    3215360.0
33             layer2.0.relu   512  28  28   512  28  28         0.0       1.53        401,408.0        401,408.0   1605632.0    1605632.0       0.00%    3211264.0
34     layer2.0.downsample.0   256  56  56   512  28  28    131072.0       1.53    205,119,488.0    102,760,448.0   3735552.0    1605632.0       3.17%    5341184.0
35     layer2.0.downsample.1   512  28  28   512  28  28      1024.0       1.53      1,605,632.0        802,816.0   1609728.0    1605632.0       0.00%    3215360.0
36            layer2.1.conv1   512  28  28   128  28  28     65536.0       0.38    102,660,096.0     51,380,224.0   1867776.0     401408.0       1.49%    2269184.0
37              layer2.1.bn1   128  28  28   128  28  28       256.0       0.38        401,408.0        200,704.0    402432.0     401408.0       0.00%     803840.0
38            layer2.1.conv2   128  28  28   128  28  28    147456.0       0.38    231,110,656.0    115,605,504.0    991232.0     401408.0       1.49%    1392640.0
39              layer2.1.bn2   128  28  28   128  28  28       256.0       0.38        401,408.0        200,704.0    402432.0     401408.0       0.00%     803840.0
40            layer2.1.conv3   128  28  28   512  28  28     65536.0       1.53    102,359,040.0     51,380,224.0    663552.0    1605632.0       1.49%    2269184.0
41              layer2.1.bn3   512  28  28   512  28  28      1024.0       1.53      1,605,632.0        802,816.0   1609728.0    1605632.0       0.00%    3215360.0
42             layer2.1.relu   512  28  28   512  28  28         0.0       1.53        401,408.0        401,408.0   1605632.0    1605632.0       0.00%    3211264.0
43            layer2.2.conv1   512  28  28   128  28  28     65536.0       0.38    102,660,096.0     51,380,224.0   1867776.0     401408.0       1.92%    2269184.0
44              layer2.2.bn1   128  28  28   128  28  28       256.0       0.38        401,408.0        200,704.0    402432.0     401408.0       0.00%     803840.0
45            layer2.2.conv2   128  28  28   128  28  28    147456.0       0.38    231,110,656.0    115,605,504.0    991232.0     401408.0       1.60%    1392640.0
46              layer2.2.bn2   128  28  28   128  28  28       256.0       0.38        401,408.0        200,704.0    402432.0     401408.0       0.00%     803840.0
47            layer2.2.conv3   128  28  28   512  28  28     65536.0       1.53    102,359,040.0     51,380,224.0    663552.0    1605632.0       0.00%    2269184.0
48              layer2.2.bn3   512  28  28   512  28  28      1024.0       1.53      1,605,632.0        802,816.0   1609728.0    1605632.0       0.00%    3215360.0
49             layer2.2.relu   512  28  28   512  28  28         0.0       1.53        401,408.0        401,408.0   1605632.0    1605632.0       0.00%    3211264.0
50            layer2.3.conv1   512  28  28   128  28  28     65536.0       0.38    102,660,096.0     51,380,224.0   1867776.0     401408.0       2.23%    2269184.0
51              layer2.3.bn1   128  28  28   128  28  28       256.0       0.38        401,408.0        200,704.0    402432.0     401408.0       0.00%     803840.0
52            layer2.3.conv2   128  28  28   128  28  28    147456.0       0.38    231,110,656.0    115,605,504.0    991232.0     401408.0       0.58%    1392640.0
53              layer2.3.bn2   128  28  28   128  28  28       256.0       0.38        401,408.0        200,704.0    402432.0     401408.0       0.00%     803840.0
54            layer2.3.conv3   128  28  28   512  28  28     65536.0       1.53    102,359,040.0     51,380,224.0    663552.0    1605632.0       1.07%    2269184.0
55              layer2.3.bn3   512  28  28   512  28  28      1024.0       1.53      1,605,632.0        802,816.0   1609728.0    1605632.0       0.00%    3215360.0
56             layer2.3.relu   512  28  28   512  28  28         0.0       1.53        401,408.0        401,408.0   1605632.0    1605632.0       0.59%    3211264.0
57            layer3.0.conv1   512  28  28   256  28  28    131072.0       0.77    205,320,192.0    102,760,448.0   2129920.0     802816.0       0.75%    2932736.0
58              layer3.0.bn1   256  28  28   256  28  28       512.0       0.77        802,816.0        401,408.0    804864.0     802816.0       0.00%    1607680.0
59            layer3.0.conv2   256  28  28   256  14  14    589824.0       0.19    231,160,832.0    115,605,504.0   3162112.0     200704.0       3.00%    3362816.0
60              layer3.0.bn2   256  14  14   256  14  14       512.0       0.19        200,704.0        100,352.0    202752.0     200704.0       0.00%     403456.0
61            layer3.0.conv3   256  14  14  1024  14  14    262144.0       0.77    102,559,744.0     51,380,224.0   1249280.0     802816.0       1.50%    2052096.0
62              layer3.0.bn3  1024  14  14  1024  14  14      2048.0       0.77        802,816.0        401,408.0    811008.0     802816.0       0.00%    1613824.0
63             layer3.0.relu  1024  14  14  1024  14  14         0.0       0.77        200,704.0        200,704.0    802816.0     802816.0       0.00%    1605632.0
64     layer3.0.downsample.0   512  28  28  1024  14  14    524288.0       0.77    205,320,192.0    102,760,448.0   3702784.0     802816.0       2.05%    4505600.0
65     layer3.0.downsample.1  1024  14  14  1024  14  14      2048.0       0.77        802,816.0        401,408.0    811008.0     802816.0       0.00%    1613824.0
66            layer3.1.conv1  1024  14  14   256  14  14    262144.0       0.19    102,710,272.0     51,380,224.0   1851392.0     200704.0       0.00%    2052096.0
67              layer3.1.bn1   256  14  14   256  14  14       512.0       0.19        200,704.0        100,352.0    202752.0     200704.0       0.00%     403456.0
68            layer3.1.conv2   256  14  14   256  14  14    589824.0       0.19    231,160,832.0    115,605,504.0   2560000.0     200704.0       1.49%    2760704.0
69              layer3.1.bn2   256  14  14   256  14  14       512.0       0.19        200,704.0        100,352.0    202752.0     200704.0       0.00%     403456.0
70            layer3.1.conv3   256  14  14  1024  14  14    262144.0       0.77    102,559,744.0     51,380,224.0   1249280.0     802816.0       1.60%    2052096.0
71              layer3.1.bn3  1024  14  14  1024  14  14      2048.0       0.77        802,816.0        401,408.0    811008.0     802816.0       0.00%    1613824.0
72             layer3.1.relu  1024  14  14  1024  14  14         0.0       0.77        200,704.0        200,704.0    802816.0     802816.0       1.50%    1605632.0
73            layer3.2.conv1  1024  14  14   256  14  14    262144.0       0.19    102,710,272.0     51,380,224.0   1851392.0     200704.0       0.00%    2052096.0
74              layer3.2.bn1   256  14  14   256  14  14       512.0       0.19        200,704.0        100,352.0    202752.0     200704.0       0.00%     403456.0
75            layer3.2.conv2   256  14  14   256  14  14    589824.0       0.19    231,160,832.0    115,605,504.0   2560000.0     200704.0       1.08%    2760704.0
76              layer3.2.bn2   256  14  14   256  14  14       512.0       0.19        200,704.0        100,352.0    202752.0     200704.0       0.00%     403456.0
77            layer3.2.conv3   256  14  14  1024  14  14    262144.0       0.77    102,559,744.0     51,380,224.0   1249280.0     802816.0       0.72%    2052096.0
78              layer3.2.bn3  1024  14  14  1024  14  14      2048.0       0.77        802,816.0        401,408.0    811008.0     802816.0       0.00%    1613824.0
79             layer3.2.relu  1024  14  14  1024  14  14         0.0       0.77        200,704.0        200,704.0    802816.0     802816.0       0.00%    1605632.0
80            layer3.3.conv1  1024  14  14   256  14  14    262144.0       0.19    102,710,272.0     51,380,224.0   1851392.0     200704.0       1.59%    2052096.0
81              layer3.3.bn1   256  14  14   256  14  14       512.0       0.19        200,704.0        100,352.0    202752.0     200704.0       0.00%     403456.0
82            layer3.3.conv2   256  14  14   256  14  14    589824.0       0.19    231,160,832.0    115,605,504.0   2560000.0     200704.0       1.62%    2760704.0
83              layer3.3.bn2   256  14  14   256  14  14       512.0       0.19        200,704.0        100,352.0    202752.0     200704.0       0.00%     403456.0
84            layer3.3.conv3   256  14  14  1024  14  14    262144.0       0.77    102,559,744.0     51,380,224.0   1249280.0     802816.0       1.67%    2052096.0
85              layer3.3.bn3  1024  14  14  1024  14  14      2048.0       0.77        802,816.0        401,408.0    811008.0     802816.0       0.00%    1613824.0
86             layer3.3.relu  1024  14  14  1024  14  14         0.0       0.77        200,704.0        200,704.0    802816.0     802816.0       0.47%    1605632.0
87            layer3.4.conv1  1024  14  14   256  14  14    262144.0       0.19    102,710,272.0     51,380,224.0   1851392.0     200704.0       0.00%    2052096.0
88              layer3.4.bn1   256  14  14   256  14  14       512.0       0.19        200,704.0        100,352.0    202752.0     200704.0       0.00%     403456.0
89            layer3.4.conv2   256  14  14   256  14  14    589824.0       0.19    231,160,832.0    115,605,504.0   2560000.0     200704.0       1.58%    2760704.0
90              layer3.4.bn2   256  14  14   256  14  14       512.0       0.19        200,704.0        100,352.0    202752.0     200704.0       0.00%     403456.0
91            layer3.4.conv3   256  14  14  1024  14  14    262144.0       0.77    102,559,744.0     51,380,224.0   1249280.0     802816.0       1.12%    2052096.0
92              layer3.4.bn3  1024  14  14  1024  14  14      2048.0       0.77        802,816.0        401,408.0    811008.0     802816.0       0.00%    1613824.0
93             layer3.4.relu  1024  14  14  1024  14  14         0.0       0.77        200,704.0        200,704.0    802816.0     802816.0       0.00%    1605632.0
94            layer3.5.conv1  1024  14  14   256  14  14    262144.0       0.19    102,710,272.0     51,380,224.0   1851392.0     200704.0       1.50%    2052096.0
95              layer3.5.bn1   256  14  14   256  14  14       512.0       0.19        200,704.0        100,352.0    202752.0     200704.0       0.00%     403456.0
96            layer3.5.conv2   256  14  14   256  14  14    589824.0       0.19    231,160,832.0    115,605,504.0   2560000.0     200704.0       1.49%    2760704.0
97              layer3.5.bn2   256  14  14   256  14  14       512.0       0.19        200,704.0        100,352.0    202752.0     200704.0       0.00%     403456.0
98            layer3.5.conv3   256  14  14  1024  14  14    262144.0       0.77    102,559,744.0     51,380,224.0   1249280.0     802816.0       0.94%    2052096.0
99              layer3.5.bn3  1024  14  14  1024  14  14      2048.0       0.77        802,816.0        401,408.0    811008.0     802816.0       0.00%    1613824.0
100            layer3.5.relu  1024  14  14  1024  14  14         0.0       0.77        200,704.0        200,704.0    802816.0     802816.0       0.00%    1605632.0
101           layer4.0.conv1  1024  14  14   512  14  14    524288.0       0.38    205,420,544.0    102,760,448.0   2899968.0     401408.0       1.50%    3301376.0
102             layer4.0.bn1   512  14  14   512  14  14      1024.0       0.38        401,408.0        200,704.0    405504.0     401408.0       0.00%     806912.0
103           layer4.0.conv2   512  14  14   512   7   7   2359296.0       0.10    231,185,920.0    115,605,504.0   9838592.0     100352.0       2.40%    9938944.0
104             layer4.0.bn2   512   7   7   512   7   7      1024.0       0.10        100,352.0         50,176.0    104448.0     100352.0       0.00%     204800.0
105           layer4.0.conv3   512   7   7  2048   7   7   1048576.0       0.38    102,660,096.0     51,380,224.0   4294656.0     401408.0       1.50%    4696064.0
106             layer4.0.bn3  2048   7   7  2048   7   7      4096.0       0.38        401,408.0        200,704.0    417792.0     401408.0       0.00%     819200.0
107            layer4.0.relu  2048   7   7  2048   7   7         0.0       0.38        100,352.0        100,352.0    401408.0     401408.0       0.00%     802816.0
108    layer4.0.downsample.0  1024  14  14  2048   7   7   2097152.0       0.38    205,420,544.0    102,760,448.0   9191424.0     401408.0       4.31%    9592832.0
109    layer4.0.downsample.1  2048   7   7  2048   7   7      4096.0       0.38        401,408.0        200,704.0    417792.0     401408.0       0.00%     819200.0
110           layer4.1.conv1  2048   7   7   512   7   7   1048576.0       0.10    102,735,360.0     51,380,224.0   4595712.0     100352.0       1.50%    4696064.0
111             layer4.1.bn1   512   7   7   512   7   7      1024.0       0.10        100,352.0         50,176.0    104448.0     100352.0       0.00%     204800.0
112           layer4.1.conv2   512   7   7   512   7   7   2359296.0       0.10    231,185,920.0    115,605,504.0   9537536.0     100352.0       1.49%    9637888.0
113             layer4.1.bn2   512   7   7   512   7   7      1024.0       0.10        100,352.0         50,176.0    104448.0     100352.0       1.49%     204800.0
114           layer4.1.conv3   512   7   7  2048   7   7   1048576.0       0.38    102,660,096.0     51,380,224.0   4294656.0     401408.0       0.94%    4696064.0
115             layer4.1.bn3  2048   7   7  2048   7   7      4096.0       0.38        401,408.0        200,704.0    417792.0     401408.0       0.00%     819200.0
116            layer4.1.relu  2048   7   7  2048   7   7         0.0       0.38        100,352.0        100,352.0    401408.0     401408.0       0.00%     802816.0
117           layer4.2.conv1  2048   7   7   512   7   7   1048576.0       0.10    102,735,360.0     51,380,224.0   4595712.0     100352.0       2.32%    4696064.0
118             layer4.2.bn1   512   7   7   512   7   7      1024.0       0.10        100,352.0         50,176.0    104448.0     100352.0       0.00%     204800.0
119           layer4.2.conv2   512   7   7   512   7   7   2359296.0       0.10    231,185,920.0    115,605,504.0   9537536.0     100352.0       2.44%    9637888.0
120             layer4.2.bn2   512   7   7   512   7   7      1024.0       0.10        100,352.0         50,176.0    104448.0     100352.0       0.00%     204800.0
121           layer4.2.conv3   512   7   7  2048   7   7   1048576.0       0.38    102,660,096.0     51,380,224.0   4294656.0     401408.0       1.50%    4696064.0
122             layer4.2.bn3  2048   7   7  2048   7   7      4096.0       0.38        401,408.0        200,704.0    417792.0     401408.0       0.00%     819200.0
123            layer4.2.relu  2048   7   7  2048   7   7         0.0       0.38        100,352.0        100,352.0    401408.0     401408.0       1.49%     802816.0
124                  avgpool  2048   7   7  2048   1   1         0.0       0.01              0.0              0.0         0.0          0.0       1.49%          0.0
125                       fc          2048          1000   2049000.0       0.00      4,095,000.0      2,048,000.0   8204192.0       4000.0       1.51%    8208192.0
total                                                     25557032.0     109.69  8,219,637,272.0  4,118,537,216.0   8204192.0       4000.0     100.00%  332849216.0
===================================================================================================================================================================
Total params: 25,557,032
-------------------------------------------------------------------------------------------------------------------------------------------------------------------
Total memory: 109.69MB
Total MAdd: 8.22GMAdd
Total Flops: 4.12GFlops
Total MemR+W: 317.43MB

